Running 1m test @ http://10.0.0.200:80/index.html
  2 threads and 100 connections
  Thread calibration: mean lat.: 1.955ms, rate sampling interval: 10ms
  Thread calibration: mean lat.: 2.036ms, rate sampling interval: 10ms
  Thread Stats   Avg      Stdev     Max   +/- Stdev
    Latency     2.50ms   18.38ms 943.10ms   99.90%
    Req/Sec   526.87    136.25     1.22k    66.52%
  Latency Distribution (HdrHistogram - Recorded Latency)
 50.000%    1.85ms
 75.000%    2.38ms
 90.000%    2.95ms
 99.000%    4.51ms
 99.900%   27.76ms
 99.990%  850.43ms
 99.999%  943.61ms
100.000%  943.61ms

  Detailed Percentile spectrum:
       Value   Percentile   TotalCount 1/(1-Percentile)

       0.680     0.000000            1         1.00
       1.141     0.100000         4993         1.11
       1.314     0.200000         9950         1.25
       1.496     0.300000        14939         1.43
       1.678     0.400000        19913         1.67
       1.852     0.500000        24894         2.00
       1.943     0.550000        27381         2.22
       2.037     0.600000        29864         2.50
       2.141     0.650000        32369         2.86
       2.257     0.700000        34840         3.33
       2.383     0.750000        37340         4.00
       2.447     0.775000        38550         4.44
       2.519     0.800000        39800         5.00
       2.603     0.825000        41042         5.71
       2.697     0.850000        42283         6.67
       2.809     0.875000        43526         8.00
       2.875     0.887500        44158         8.89
       2.953     0.900000        44778        10.00
       3.043     0.912500        45389        11.43
       3.139     0.925000        46011        13.33
       3.267     0.937500        46634        16.00
       3.349     0.943750        46945        17.78
       3.439     0.950000        47255        20.00
       3.555     0.956250        47570        22.86
       3.691     0.962500        47879        26.67
       3.849     0.968750        48187        32.00
       3.939     0.971875        48342        35.56
       4.037     0.975000        48502        40.00
       4.135     0.978125        48660        45.71
       4.235     0.981250        48811        53.33
       4.327     0.984375        48974        64.00
       4.363     0.985938        49045        71.11
       4.403     0.987500        49121        80.00
       4.463     0.989062        49200        91.43
       4.527     0.990625        49275       106.67
       4.607     0.992188        49358       128.00
       4.655     0.992969        49394       142.22
       4.695     0.993750        49431       160.00
       4.747     0.994531        49468       182.86
       4.819     0.995313        49507       213.33
       4.931     0.996094        49546       256.00
       4.999     0.996484        49567       284.44
       5.075     0.996875        49585       320.00
       5.171     0.997266        49604       365.71
       5.319     0.997656        49625       426.67
       5.587     0.998047        49643       512.00
       5.823     0.998242        49653       568.89
       6.399     0.998437        49663       640.00
       7.639     0.998633        49672       731.43
       9.599     0.998828        49682       853.33
     101.247     0.999023        49692      1024.00
     191.743     0.999121        49697      1137.78
     283.135     0.999219        49703      1280.00
     369.663     0.999316        49706      1462.86
     463.103     0.999414        49711      1706.67
     557.055     0.999512        49716      2048.00
     564.735     0.999561        49719      2275.56
     650.239     0.999609        49721      2560.00
     654.847     0.999658        49723      2925.71
     740.863     0.999707        49726      3413.33
     745.983     0.999756        49728      4096.00
     755.711     0.999780        49730      4551.11
     834.559     0.999805        49731      5120.00
     841.215     0.999829        49732      5851.43
     842.751     0.999854        49733      6826.67
     844.287     0.999878        49734      8192.00
     850.431     0.999890        49735      9102.22
     931.327     0.999902        49736     10240.00
     931.327     0.999915        49736     11702.86
     932.863     0.999927        49737     13653.33
     932.863     0.999939        49737     16384.00
     936.447     0.999945        49738     18204.44
     936.447     0.999951        49738     20480.00
     936.447     0.999957        49738     23405.71
     937.471     0.999963        49739     27306.67
     937.471     0.999969        49739     32768.00
     937.471     0.999973        49739     36408.89
     937.471     0.999976        49739     40960.00
     937.471     0.999979        49739     46811.43
     943.615     0.999982        49740     54613.33
     943.615     1.000000        49740          inf
#[Mean    =        2.499, StdDeviation   =       18.377]
#[Max     =      943.104, Total count    =        49740]
#[Buckets =           27, SubBuckets     =         2048]
----------------------------------------------------------
  59923 requests in 1.00m, 28.17MB read
Requests/sec:    998.68
Transfer/sec:    480.81KB
