Running 1m test @ http://10.0.0.200:80/index.html
  2 threads and 10 connections
  Thread calibration: mean lat.: 1.996ms, rate sampling interval: 10ms
  Thread calibration: mean lat.: 2.012ms, rate sampling interval: 10ms
  Thread Stats   Avg      Stdev     Max   +/- Stdev
    Latency     1.95ms  494.09us   7.75ms   73.83%
    Req/Sec    52.70     85.48   333.00     81.07%
  Latency Distribution (HdrHistogram - Recorded Latency)
 50.000%    1.88ms
 75.000%    2.20ms
 90.000%    2.59ms
 99.000%    3.37ms
 99.900%    4.24ms
 99.990%    7.75ms
 99.999%    7.75ms
100.000%    7.75ms

  Detailed Percentile spectrum:
       Value   Percentile   TotalCount 1/(1-Percentile)

       0.895     0.000000            1         1.00
       1.404     0.100000          499         1.11
       1.545     0.200000          999         1.25
       1.660     0.300000         1503         1.43
       1.771     0.400000         1999         1.67
       1.885     0.500000         2499         2.00
       1.944     0.550000         2748         2.22
       2.008     0.600000         2994         2.50
       2.071     0.650000         3252         2.86
       2.131     0.700000         3502         3.33
       2.201     0.750000         3753         4.00
       2.233     0.775000         3869         4.44
       2.273     0.800000         3998         5.00
       2.325     0.825000         4118         5.71
       2.391     0.850000         4246         6.67
       2.481     0.875000         4367         8.00
       2.541     0.887500         4430         8.89
       2.587     0.900000         4493        10.00
       2.671     0.912500         4556        11.43
       2.739     0.925000         4617        13.33
       2.833     0.937500         4679        16.00
       2.867     0.943750         4711        17.78
       2.909     0.950000         4741        20.00
       2.947     0.956250         4773        22.86
       3.001     0.962500         4805        26.67
       3.049     0.968750         4835        32.00
       3.069     0.971875         4850        35.56
       3.097     0.975000         4867        40.00
       3.143     0.978125         4881        45.71
       3.191     0.981250         4897        53.33
       3.249     0.984375         4913        64.00
       3.277     0.985938         4920        71.11
       3.307     0.987500         4928        80.00
       3.351     0.989062         4936        91.43
       3.389     0.990625         4944       106.67
       3.433     0.992188         4952       128.00
       3.447     0.992969         4956       142.22
       3.481     0.993750         4959       160.00
       3.543     0.994531         4963       182.86
       3.687     0.995313         4967       213.33
       3.829     0.996094         4971       256.00
       3.881     0.996484         4973       284.44
       3.907     0.996875         4975       320.00
       4.019     0.997266         4977       365.71
       4.059     0.997656         4979       426.67
       4.099     0.998047         4981       512.00
       4.107     0.998242         4982       568.89
       4.167     0.998437         4983       640.00
       4.175     0.998633         4984       731.43
       4.239     0.998828         4985       853.33
       4.335     0.999023         4986      1024.00
       4.335     0.999121         4986      1137.78
       4.415     0.999219         4987      1280.00
       4.415     0.999316         4987      1462.86
       5.087     0.999414         4988      1706.67
       5.087     0.999512         4988      2048.00
       5.087     0.999561         4988      2275.56
       7.443     0.999609         4989      2560.00
       7.443     0.999658         4989      2925.71
       7.443     0.999707         4989      3413.33
       7.443     0.999756         4989      4096.00
       7.443     0.999780         4989      4551.11
       7.751     0.999805         4990      5120.00
       7.751     1.000000         4990          inf
#[Mean    =        1.953, StdDeviation   =        0.494]
#[Max     =        7.748, Total count    =         4990]
#[Buckets =           27, SubBuckets     =         2048]
----------------------------------------------------------
  6002 requests in 1.00m, 2.82MB read
Requests/sec:    100.03
Transfer/sec:     48.16KB
