Running 1m test @ http://10.0.0.200:80/index.html
  2 threads and 150 connections
  Thread calibration: mean lat.: 88.740ms, rate sampling interval: 681ms
  Thread calibration: mean lat.: 103.940ms, rate sampling interval: 975ms
  Thread Stats   Avg      Stdev     Max   +/- Stdev
    Latency   134.82ms  333.78ms   3.64s    88.27%
    Req/Sec   751.43     50.95     0.86k    72.13%
  Latency Distribution (HdrHistogram - Recorded Latency)
 50.000%    9.95ms
 75.000%   27.79ms
 90.000%  573.44ms
 99.000%    1.60s 
 99.900%    2.75s 
 99.990%    3.42s 
 99.999%    3.59s 
100.000%    3.64s 

  Detailed Percentile spectrum:
       Value   Percentile   TotalCount 1/(1-Percentile)

       0.657     0.000000            1         1.00
       2.163     0.100000         7483         1.11
       3.007     0.200000        14923         1.25
       4.303     0.300000        22391         1.43
       6.287     0.400000        29837         1.67
       9.951     0.500000        37300         2.00
      12.543     0.550000        41030         2.22
      14.983     0.600000        44757         2.50
      17.791     0.650000        48484         2.86
      21.151     0.700000        52220         3.33
      27.791     0.750000        55942         4.00
      31.551     0.775000        57812         4.44
      34.495     0.800000        59672         5.00
     111.487     0.825000        61532         5.71
     266.239     0.850000        63398         6.67
     417.791     0.875000        65261         8.00
     495.615     0.887500        66194         8.89
     573.439     0.900000        67128        10.00
     649.215     0.912500        68068        11.43
     720.383     0.925000        68992        13.33
     784.895     0.937500        69924        16.00
     828.415     0.943750        70390        17.78
     858.623     0.950000        70857        20.00
     903.679     0.956250        71321        22.86
     939.519     0.962500        71789        26.67
     973.823     0.968750        72254        32.00
    1036.287     0.971875        72489        35.56
    1110.015     0.975000        72727        40.00
    1180.671     0.978125        72955        45.71
    1276.927     0.981250        73186        53.33
    1381.375     0.984375        73419        64.00
    1434.623     0.985938        73536        71.11
    1491.967     0.987500        73653        80.00
    1557.503     0.989062        73770        91.43
    1622.015     0.990625        73888       106.67
    1697.791     0.992188        74003       128.00
    1739.775     0.992969        74060       142.22
    1786.879     0.993750        74118       160.00
    1852.415     0.994531        74177       182.86
    1926.143     0.995313        74235       213.33
    2012.159     0.996094        74293       256.00
    2056.191     0.996484        74323       284.44
    2117.631     0.996875        74354       320.00
    2213.887     0.997266        74381       365.71
    2312.191     0.997656        74411       426.67
    2416.639     0.998047        74440       512.00
    2467.839     0.998242        74453       568.89
    2525.183     0.998437        74468       640.00
    2603.007     0.998633        74484       731.43
    2682.879     0.998828        74497       853.33
    2775.039     0.999023        74512      1024.00
    2809.855     0.999121        74519      1137.78
    2854.911     0.999219        74526      1280.00
    2893.823     0.999316        74534      1462.86
    2940.927     0.999414        74541      1706.67
    2988.031     0.999512        74548      2048.00
    3053.567     0.999561        74553      2275.56
    3065.855     0.999609        74555      2560.00
    3121.151     0.999658        74559      2925.71
    3160.063     0.999707        74563      3413.33
    3209.215     0.999756        74566      4096.00
    3250.175     0.999780        74568      4551.11
    3266.559     0.999805        74570      5120.00
    3311.615     0.999829        74572      5851.43
    3342.335     0.999854        74574      6826.67
    3391.487     0.999878        74575      8192.00
    3405.823     0.999890        74576      9102.22
    3418.111     0.999902        74577     10240.00
    3426.303     0.999915        74578     11702.86
    3471.359     0.999927        74579     13653.33
    3489.791     0.999939        74580     16384.00
    3489.791     0.999945        74580     18204.44
    3500.031     0.999951        74581     20480.00
    3500.031     0.999957        74581     23405.71
    3559.423     0.999963        74582     27306.67
    3559.423     0.999969        74582     32768.00
    3559.423     0.999973        74582     36408.89
    3594.239     0.999976        74583     40960.00
    3594.239     0.999979        74583     46811.43
    3594.239     0.999982        74583     54613.33
    3594.239     0.999985        74583     65536.00
    3594.239     0.999986        74583     72817.78
    3639.295     0.999988        74584     81920.00
    3639.295     1.000000        74584          inf
#[Mean    =      134.819, StdDeviation   =      333.776]
#[Max     =     3637.248, Total count    =        74584]
#[Buckets =           27, SubBuckets     =         2048]
----------------------------------------------------------
  89662 requests in 1.00m, 42.16MB read
  Socket errors: connect 0, read 0, write 0, timeout 9
Requests/sec:   1494.33
Transfer/sec:    719.44KB
