Running 1m test @ http://10.0.0.200:80/index.html
  2 threads and 20 connections
  Thread calibration: mean lat.: 1.991ms, rate sampling interval: 10ms
  Thread calibration: mean lat.: 1.962ms, rate sampling interval: 10ms
  Thread Stats   Avg      Stdev     Max   +/- Stdev
    Latency     1.88ms  481.74us   6.88ms   71.31%
    Req/Sec   105.27    102.30   333.00     35.01%
  Latency Distribution (HdrHistogram - Recorded Latency)
 50.000%    1.83ms
 75.000%    2.15ms
 90.000%    2.53ms
 99.000%    3.22ms
 99.900%    4.30ms
 99.990%    6.07ms
 99.999%    6.88ms
100.000%    6.88ms

  Detailed Percentile spectrum:
       Value   Percentile   TotalCount 1/(1-Percentile)

       0.760     0.000000            1         1.00
       1.330     0.100000         1001         1.11
       1.473     0.200000         2007         1.25
       1.592     0.300000         2995         1.43
       1.710     0.400000         4002         1.67
       1.832     0.500000         4995         2.00
       1.896     0.550000         5498         2.22
       1.959     0.600000         5999         2.50
       2.019     0.650000         6490         2.86
       2.081     0.700000         6992         3.33
       2.151     0.750000         7489         4.00
       2.187     0.775000         7738         4.44
       2.227     0.800000         7984         5.00
       2.275     0.825000         8235         5.71
       2.333     0.850000         8489         6.67
       2.413     0.875000         8736         8.00
       2.465     0.887500         8859         8.89
       2.527     0.900000         8982        10.00
       2.581     0.912500         9110        11.43
       2.641     0.925000         9238        13.33
       2.697     0.937500         9358        16.00
       2.729     0.943750         9420        17.78
       2.765     0.950000         9483        20.00
       2.807     0.956250         9548        22.86
       2.843     0.962500         9607        26.67
       2.897     0.968750         9672        32.00
       2.923     0.971875         9702        35.56
       2.959     0.975000         9732        40.00
       2.997     0.978125         9762        45.71
       3.039     0.981250         9794        53.33
       3.099     0.984375         9827        64.00
       3.135     0.985938         9840        71.11
       3.181     0.987500         9856        80.00
       3.207     0.989062         9873        91.43
       3.237     0.990625         9887       106.67
       3.287     0.992188         9903       128.00
       3.323     0.992969         9910       142.22
       3.363     0.993750         9918       160.00
       3.399     0.994531         9926       182.86
       3.467     0.995313         9934       213.33
       3.509     0.996094         9942       256.00
       3.573     0.996484         9945       284.44
       3.637     0.996875         9949       320.00
       3.675     0.997266         9953       365.71
       3.747     0.997656         9957       426.67
       3.835     0.998047         9962       512.00
       3.865     0.998242         9963       568.89
       3.931     0.998437         9965       640.00
       4.179     0.998633         9967       731.43
       4.263     0.998828         9969       853.33
       4.503     0.999023         9971      1024.00
       4.567     0.999121         9972      1137.78
       4.687     0.999219         9973      1280.00
       4.703     0.999316         9974      1462.86
       4.747     0.999414         9975      1706.67
       5.075     0.999512         9976      2048.00
       5.075     0.999561         9976      2275.56
       5.299     0.999609         9977      2560.00
       5.299     0.999658         9977      2925.71
       5.711     0.999707         9978      3413.33
       5.711     0.999756         9978      4096.00
       5.711     0.999780         9978      4551.11
       6.075     0.999805         9979      5120.00
       6.075     0.999829         9979      5851.43
       6.075     0.999854         9979      6826.67
       6.075     0.999878         9979      8192.00
       6.075     0.999890         9979      9102.22
       6.883     0.999902         9980     10240.00
       6.883     1.000000         9980          inf
#[Mean    =        1.883, StdDeviation   =        0.482]
#[Max     =        6.880, Total count    =         9980]
#[Buckets =           27, SubBuckets     =         2048]
----------------------------------------------------------
  12002 requests in 1.00m, 5.64MB read
Requests/sec:    200.03
Transfer/sec:     96.30KB
