Running 1m test @ http://10.0.0.200:80/index.html
  2 threads and 50 connections
  Thread calibration: mean lat.: 1.636ms, rate sampling interval: 10ms
  Thread calibration: mean lat.: 1.712ms, rate sampling interval: 10ms
  Thread Stats   Avg      Stdev     Max   +/- Stdev
    Latency     1.64ms  474.59us   8.22ms   70.34%
    Req/Sec   262.74    101.92   666.00     77.66%
  Latency Distribution (HdrHistogram - Recorded Latency)
 50.000%    1.61ms
 75.000%    1.91ms
 90.000%    2.22ms
 99.000%    2.96ms
 99.900%    4.34ms
 99.990%    7.62ms
 99.999%    8.23ms
100.000%    8.23ms

  Detailed Percentile spectrum:
       Value   Percentile   TotalCount 1/(1-Percentile)

       0.609     0.000000            1         1.00
       1.063     0.100000         2501         1.11
       1.235     0.200000         4988         1.25
       1.375     0.300000         7481         1.43
       1.497     0.400000         9994         1.67
       1.613     0.500000        12466         2.00
       1.668     0.550000        13717         2.22
       1.725     0.600000        14970         2.50
       1.781     0.650000        16214         2.86
       1.838     0.700000        17463         3.33
       1.908     0.750000        18706         4.00
       1.949     0.775000        19330         4.44
       1.991     0.800000        19945         5.00
       2.039     0.825000        20578         5.71
       2.095     0.850000        21198         6.67
       2.155     0.875000        21819         8.00
       2.187     0.887500        22142         8.89
       2.223     0.900000        22445        10.00
       2.263     0.912500        22750        11.43
       2.309     0.925000        23065        13.33
       2.361     0.937500        23373        16.00
       2.391     0.943750        23528        17.78
       2.427     0.950000        23685        20.00
       2.467     0.956250        23841        22.86
       2.517     0.962500        23998        26.67
       2.575     0.968750        24160        32.00
       2.603     0.971875        24230        35.56
       2.645     0.975000        24310        40.00
       2.689     0.978125        24386        45.71
       2.751     0.981250        24465        53.33
       2.803     0.984375        24544        64.00
       2.839     0.985938        24580        71.11
       2.869     0.987500        24620        80.00
       2.921     0.989062        24658        91.43
       2.975     0.990625        24698       106.67
       3.037     0.992188        24736       128.00
       3.067     0.992969        24755       142.22
       3.109     0.993750        24775       160.00
       3.169     0.994531        24796       182.86
       3.227     0.995313        24814       213.33
       3.289     0.996094        24833       256.00
       3.363     0.996484        24843       284.44
       3.457     0.996875        24853       320.00
       3.537     0.997266        24862       365.71
       3.599     0.997656        24872       426.67
       3.695     0.998047        24882       512.00
       3.785     0.998242        24887       568.89
       3.809     0.998437        24892       640.00
       3.953     0.998633        24896       731.43
       4.235     0.998828        24901       853.33
       4.427     0.999023        24906      1024.00
       4.631     0.999121        24909      1137.78
       4.635     0.999219        24911      1280.00
       4.667     0.999316        24913      1462.86
       5.059     0.999414        24916      1706.67
       5.239     0.999512        24918      2048.00
       5.683     0.999561        24920      2275.56
       5.863     0.999609        24921      2560.00
       6.411     0.999658        24922      2925.71
       6.467     0.999707        24923      3413.33
       6.611     0.999756        24924      4096.00
       6.779     0.999780        24925      4551.11
       6.971     0.999805        24926      5120.00
       6.971     0.999829        24926      5851.43
       7.159     0.999854        24927      6826.67
       7.159     0.999878        24927      8192.00
       7.623     0.999890        24928      9102.22
       7.623     0.999902        24928     10240.00
       7.623     0.999915        24928     11702.86
       7.651     0.999927        24929     13653.33
       7.651     0.999939        24929     16384.00
       7.651     0.999945        24929     18204.44
       7.651     0.999951        24929     20480.00
       7.651     0.999957        24929     23405.71
       8.231     0.999963        24930     27306.67
       8.231     1.000000        24930          inf
#[Mean    =        1.641, StdDeviation   =        0.475]
#[Max     =        8.224, Total count    =        24930]
#[Buckets =           27, SubBuckets     =         2048]
----------------------------------------------------------
  29992 requests in 1.00m, 14.10MB read
Requests/sec:    499.86
Transfer/sec:    240.65KB
