Running 1m test @ http://10.0.0.200:80/index.html
  2 threads and 75 connections
  Thread calibration: mean lat.: 1.727ms, rate sampling interval: 10ms
  Thread calibration: mean lat.: 1.744ms, rate sampling interval: 10ms
  Thread Stats   Avg      Stdev     Max   +/- Stdev
    Latency     1.71ms  501.37us   7.83ms   67.87%
    Req/Sec   395.27     84.44   666.00     70.63%
  Latency Distribution (HdrHistogram - Recorded Latency)
 50.000%    1.65ms
 75.000%    2.00ms
 90.000%    2.39ms
 99.000%    3.07ms
 99.900%    3.88ms
 99.990%    5.18ms
 99.999%    7.84ms
100.000%    7.84ms

  Detailed Percentile spectrum:
       Value   Percentile   TotalCount 1/(1-Percentile)

       0.596     0.000000            1         1.00
       1.097     0.100000         3749         1.11
       1.262     0.200000         7477         1.25
       1.402     0.300000        11209         1.43
       1.530     0.400000        14958         1.67
       1.655     0.500000        18707         2.00
       1.715     0.550000        20549         2.22
       1.780     0.600000        22427         2.50
       1.845     0.650000        24302         2.86
       1.916     0.700000        26168         3.33
       2.003     0.750000        28035         4.00
       2.051     0.775000        28983         4.44
       2.107     0.800000        29907         5.00
       2.167     0.825000        30824         5.71
       2.233     0.850000        31777         6.67
       2.307     0.875000        32710         8.00
       2.345     0.887500        33161         8.89
       2.391     0.900000        33634        10.00
       2.435     0.912500        34115        11.43
       2.483     0.925000        34563        13.33
       2.539     0.937500        35033        16.00
       2.571     0.943750        35275        17.78
       2.603     0.950000        35498        20.00
       2.643     0.956250        35726        22.86
       2.685     0.962500        35960        26.67
       2.737     0.968750        36197        32.00
       2.771     0.971875        36310        35.56
       2.805     0.975000        36430        40.00
       2.843     0.978125        36549        45.71
       2.889     0.981250        36660        53.33
       2.939     0.984375        36779        64.00
       2.971     0.985938        36836        71.11
       2.999     0.987500        36894        80.00
       3.041     0.989062        36954        91.43
       3.089     0.990625        37012       106.67
       3.135     0.992188        37069       128.00
       3.169     0.992969        37099       142.22
       3.219     0.993750        37129       160.00
       3.263     0.994531        37156       182.86
       3.319     0.995313        37185       213.33
       3.375     0.996094        37215       256.00
       3.411     0.996484        37229       284.44
       3.453     0.996875        37244       320.00
       3.503     0.997266        37258       365.71
       3.557     0.997656        37274       426.67
       3.607     0.998047        37288       512.00
       3.635     0.998242        37295       568.89
       3.685     0.998437        37302       640.00
       3.735     0.998633        37309       731.43
       3.813     0.998828        37317       853.33
       3.883     0.999023        37324      1024.00
       3.921     0.999121        37328      1137.78
       3.961     0.999219        37331      1280.00
       4.089     0.999316        37335      1462.86
       4.227     0.999414        37339      1706.67
       4.259     0.999512        37342      2048.00
       4.279     0.999561        37344      2275.56
       4.391     0.999609        37346      2560.00
       4.411     0.999658        37348      2925.71
       4.539     0.999707        37350      3413.33
       4.659     0.999756        37351      4096.00
       4.915     0.999780        37352      4551.11
       4.927     0.999805        37354      5120.00
       4.927     0.999829        37354      5851.43
       5.099     0.999854        37355      6826.67
       5.179     0.999878        37356      8192.00
       5.179     0.999890        37356      9102.22
       5.499     0.999902        37357     10240.00
       5.499     0.999915        37357     11702.86
       5.947     0.999927        37358     13653.33
       5.947     0.999939        37358     16384.00
       5.947     0.999945        37358     18204.44
       6.711     0.999951        37359     20480.00
       6.711     0.999957        37359     23405.71
       6.711     0.999963        37359     27306.67
       6.711     0.999969        37359     32768.00
       6.711     0.999973        37359     36408.89
       7.835     0.999976        37360     40960.00
       7.835     1.000000        37360          inf
#[Mean    =        1.706, StdDeviation   =        0.501]
#[Max     =        7.832, Total count    =        37360]
#[Buckets =           27, SubBuckets     =         2048]
----------------------------------------------------------
  44968 requests in 1.00m, 21.14MB read
Requests/sec:    749.45
Transfer/sec:    360.82KB
